  -9.7701824e-01   1.9928270e-01  -2.5751212e-02  -7.0711222e-02
  -2.0161420e-01  -7.5431486e-01   3.0073052e-01   5.4651307e-01
  -5.6568541e-02  -4.4513298e-01  -8.8057828e-01  -1.4846451e-01
  -1.6365468e-02  -2.1481037e-01   2.0477921e-01  -3.5805322e-01
  -3.6321422e-02  -3.8341705e-01   3.0256469e-01  -7.3897197e-01
   2.4087975e+02   0.0000000e+00   0.0000000e+00   0.0000000e+00
   0.0000000e+00   3.5843338e+01   0.0000000e+00   0.0000000e+00
   0.0000000e+00   0.0000000e+00   1.4781189e+01   0.0000000e+00
   0.0000000e+00   0.0000000e+00   0.0000000e+00   3.9646634e+00
  -9.9062088e-01  -1.1834732e-01  -5.9811021e-02  -3.2967119e-02
   1.2451885e-01  -7.1787199e-01  -3.0343182e-01  -6.1407165e-01
   3.7413730e-02  -6.8392970e-01   3.9681660e-01   6.1104580e-01
   4.2018421e-02  -5.3794865e-02  -8.6422703e-01   4.9844981e-01
